ROC_AUC=0.999595
PR_AUC=0.970215
